  0.000000  0.000000  0.000000  0.000000  0.000000  0.000000  0.000000  0.000000  0.000000  0.000000  0.000000  0.000000  0.000000  0.000000  0.000000  0.000000
  0.000000  0.000000  0.000000  0.000000  0.000000  0.000105 -0.000842 -0.003502 -0.003598 -0.001671  0.000154 -0.000001  0.000000  0.000000  0.000000  0.000000
  0.000000  0.000000  0.000000  0.000000  0.000059 -0.000093 -0.018975 -0.005193 -0.003956 -0.012729 -0.000835  0.000088  0.000000  0.000000  0.000000  0.000000
  0.000000  0.000000  0.000000  0.000000 -0.000027 -0.028241  0.378911  0.830795  0.832262  0.513702 -0.021550 -0.000920  0.000000  0.000000  0.000000  0.000000
  0.000000  0.000000  0.000000  0.000000 -0.009338  0.046119  0.908303  0.727218  0.636724  0.787451 -0.019300 -0.001954  0.000000  0.000000  0.000000  0.000000
  0.000000  0.000000  0.000000  0.000000 -0.013416  0.092475  0.892608  0.088705  0.528075  0.786731 -0.019016 -0.001914  0.000000  0.000000  0.000000  0.000000
  0.000000  0.000000  0.000000  0.000000 -0.013399  0.092163  0.874938  0.429426  0.940818  0.713998 -0.023375 -0.001539  0.000000  0.000000  0.000000  0.000000
  0.000000  0.000000  0.000000  0.000000 -0.009653  0.052786  0.813202  0.959990  1.009695  0.507569 -0.043047  0.000149  0.000000  0.000000  0.000000  0.000000
  0.000000  0.000000  0.000000  0.000000  0.000157 -0.004209  0.050836  0.057493  0.752640  0.526198 -0.043317  0.000189  0.000000  0.000000  0.000000  0.000000
  0.000000  0.000000  0.000000  0.000000  0.000037  0.000135 -0.011319 -0.033825  0.761244  0.329980 -0.033108  0.000032  0.000000  0.000000  0.000000  0.000000
  0.000000  0.000000  0.000000  0.000000  0.000000  0.000000 -0.004007  0.000831  0.799415  0.288375 -0.031554 -0.000001  0.000000  0.000000  0.000000  0.000000
  0.000000  0.000000  0.000000  0.000000  0.000000  0.000000 -0.013185  0.085555  0.933116  0.214412 -0.025421  0.000002  0.000000  0.000000  0.000000  0.000000
  0.000000  0.000000  0.000000  0.000000  0.000000  0.000000 -0.010060  0.071330  0.657099  0.064233 -0.009386 -0.000000  0.000000  0.000000  0.000000  0.000000
  0.000000  0.000000  0.000000  0.000000  0.000000  0.000000  0.000059 -0.000407 -0.003898 -0.000493  0.000067 -0.000000  0.000000  0.000000  0.000000  0.000000
  0.000000  0.000000  0.000000  0.000000  0.000000  0.000000  0.000044 -0.000311 -0.002906 -0.000311  0.000044  0.000000  0.000000  0.000000  0.000000  0.000000
  0.000000  0.000000  0.000000  0.000000  0.000000  0.000000  0.000000  0.000000  0.000000  0.000000  0.000000  0.000000  0.000000  0.000000  0.000000  0.000000
