-10
22.8831
22.8831	22.8831	22.8831
22.8831	22.7928
22.7928	22.7928	22.7928
22.7928	22.6928	22.5928	22.4928	22.3928	22.3416
22.3416	22.2416	22.1416	22.0416	21.9416	21.8416	21.7416	21.6416	21.5416	21.4416	21.3416	21.2416	21.1416	21.0416	20.9416	20.8978
20.8978	20.7978	20.7173
20.7173	20.6173	20.5173	20.4173	20.3173	20.2173	20.1173	20.0173	19.9173	19.8173	19.7173	19.6173	19.5173	19.4173	19.3173	19.2173	19.1173	19.0173	18.9173	18.8173	18.7173	18.6418
18.6418	18.5418	18.4613
18.4613	18.3613	18.2613	18.1613	18.0613	17.9613	17.8613	17.7613	17.6613	17.5613	17.4613	17.3613	17.2613	17.198
17.198	17.1077
17.1077	17.0077	16.9077	16.8077	16.7077	16.6077	16.5077	16.4077	16.3077	16.2077	16.1077	16.0077	15.9077	15.8077	15.7077	15.6077	15.5077	15.4077	15.3077	15.2077	15.1077	15.0322
15.0322	14.942
14.942	14.842	14.742	14.642	14.542	14.442	14.342	14.242	14.142	14.042	13.942	13.842	13.742	13.642	13.542	13.442	13.4079
13.4079	13.3079	13.2079	13.1372
13.1372	13.0372	12.9372	12.8372	12.7372	12.6372	12.5372	12.4372	12.3372	12.2372	12.1372	12.0372	11.9372	11.8738
11.8738	11.8738	11.8738	11.8738	11.8738
11.8738	11.7738	11.6934
11.6934	11.6934	11.6934	11.6934
11.6934	11.7934	11.8934	11.9641
11.9641	12.0641	12.1641	12.2348
12.2348	12.3348	12.4348	12.5348	12.6348	12.7348	12.8348	12.8665
12.8665	12.9665	13.0665	13.1665	13.2665	13.3665	13.4665	13.5665	13.6665	13.7665	13.8665	13.9665	14.0665	14.1665	14.2665	14.3665	14.4665	14.4908
14.4908	14.5908	14.6908	14.7908	14.8908	14.9908	15.0908	15.1908	15.2908	15.3908	15.4908	15.5908	15.6908	15.7908	15.8908	15.9908	16.0908	16.1908	16.2908	16.3908	16.4761
16.4761	16.5761	16.6761	16.7761	16.837
16.837	16.937	17.037	17.137	17.237	17.337	17.437	17.537	17.637	17.737	17.837	17.937	18.037	18.137	18.237	18.337	18.437	18.537	18.637	18.737	18.837	18.937	19.037	19.093
19.093	19.1832
19.1832	19.2832	19.3832	19.4832	19.5832	19.6832	19.7832	19.8832	19.9832	20.0832	20.1832	20.2832	20.3832	20.4832	20.5368
20.5368	20.5368	20.5368
20.5368	20.6368	20.7368	20.8368	20.9368	21.0368	21.1368	21.2368	21.3368	21.349
21.349	21.449	21.5295
21.5295	21.6295	21.7295	21.8295	21.9295	22.0295	22.1295	22.2295	22.2514
22.2514	22.3416
22.3416	22.4416	22.5416	22.6123
22.6123	22.6123	22.6123	22.6123
22.6123	22.7026
22.7026	22.7928
22.7928	22.8831
22.8831	22.8831	22.8831
22.8831	22.8831	22.8831	22.8831
22.8831	22.9831	23.0635
23.0635	23.0635	23.0635
23.0635	23.0635	23.0635
23.0635	23.0635	23.0635	23.0635
23.0635	23.0635	23.0635	23.0635	23.0635
23.0635	22.9733
22.9733	22.9733	22.9733
22.9733	22.8733	22.7733	22.7026
22.7026	22.7026	22.7026
22.7026	22.6026	22.5026	22.4026	22.3026	22.2026	22.1611
22.1611	22.0611	21.9611	21.8611	21.7611	21.7099
21.7099	21.7099	21.7099
21.7099	21.6099	21.5099	21.4099	21.3099	21.2587
21.2587	21.1685
21.1685	21.0685	20.9685	20.8685	20.7685	20.7173
20.7173	20.6271
20.6271	20.5271	20.4271	20.3564
20.3564	20.3564	20.3564
20.3564	20.2661
20.2661	20.2661	20.2661	20.2661	20.2661	20.2661
