-10
40.7839
40.7839	40.8839	40.8984
40.8984	40.8984
40.8984	40.9984	41.0129
41.0129	41.089	41.1651	41.2412	41.3173	41.3563
41.3563	41.3801	41.4039	41.4277	41.4515	41.4752	41.499	41.5228	41.5466	41.5704	41.5942	41.618	41.6418	41.6656	41.6893	41.6998
41.6998	41.6998	41.6998
41.6998	41.7273	41.7549	41.7825	41.8101	41.8377	41.8652	41.8928	41.9204	41.948	41.9756	42.0031	42.0307	42.0583	42.0859	42.1135	42.1411	42.1686	42.1962	42.2238	42.2514	42.2722
42.2722	42.2722	42.2722
42.2722	42.2813	42.2903	42.2994	42.3084	42.3175	42.3266	42.3356	42.3447	42.3538	42.3628	42.3719	42.3809	42.3867
42.3867	42.3867
42.3867	42.3536	42.3205	42.2874	42.2543	42.2212	42.1881	42.155	42.1219	42.0888	42.0557	42.0226	41.9895	41.9564	41.9233	41.8902	41.8571	41.824	41.7909	41.7579	41.7248	41.6998
41.6998	41.5853
41.5853	41.5032	41.4211	41.339	41.2569	41.1748	41.0927	41.0106	40.9285	40.8465	40.7644	40.6823	40.6002	40.5181	40.436	40.3539	40.3259
40.3259	40.1568	39.9876	39.868
39.868	39.5961	39.3243	39.0524	38.7805	38.5087	38.2368	37.965	37.6931	37.4212	37.1494	36.8775	36.6056	36.4334
36.4334	36.3334	36.2334	36.1334	36.09
36.09	33.9966	32.3119
32.3119	32.2119	32.1119	32.0829
32.0829	31.4486	30.8143	30.3657
30.3657	30.1965	30.0273	29.9077
29.9077	29.8533	29.799	29.7446	29.6902	29.6358	29.5815	29.5643
29.5643	29.5361	29.5079	29.4797	29.4515	29.4233	29.3951	29.3669	29.3387	29.3105	29.2823	29.2541	29.2259	29.1977	29.1695	29.1414	29.1132	29.1063
29.1063	29.1063	29.1063	29.1063	29.1063	29.1063	29.1063	29.1063	29.1063	29.1063	29.1063	29.1063	29.1063	29.1063	29.1063	29.1063	29.1063	29.1063	29.1063	29.1063	29.1063
29.1063	29.1063	29.1063	29.1063	29.1063
29.1063	29.152	29.1977	29.2433	29.289	29.3347	29.3803	29.426	29.4717	29.5174	29.563	29.6087	29.6544	29.7001	29.7457	29.7914	29.8371	29.8827	29.9284	29.9741	30.0198	30.0654	30.1111	30.1367
30.1367	30.1367
30.1367	30.2213	30.3058	30.3904	30.475	30.5596	30.6442	30.7287	30.8133	30.8979	30.9825	31.0671	31.1516	31.2362	31.2815
31.2815	31.3815	31.396
31.396	31.5793	31.7625	31.9458	32.129	32.3123	32.4956	32.6788	32.8621	32.8843
32.8843	33.0112	33.1133
33.1133	33.4305	33.7477	34.0648	34.382	34.6992	35.0164	35.3335	35.403
35.403	35.5175
35.5175	35.9827	36.4479	36.7769
36.7769	36.8769	36.9769	37.0058
37.0058	37.8072
37.8072	37.9217
37.9217	38.3797
38.3797	38.4797	38.4942
38.4942	38.5942	38.6942	38.7231
38.7231	38.9134	39.0666
39.0666	39.1666	39.1811
39.1811	39.0811	39.0666
39.0666	38.9666	38.8666	38.8376
38.8376	38.7376	38.6376	38.5376	38.4942
38.4942	37.1203
37.1203	37.0203	37.0058
37.0058	35.9909	34.9759	34.2582
34.2582	34.1582	34.1437
34.1437	33.4459	32.7481	32.0504	31.3526	30.6548	30.3657
30.3657	29.5283	28.691	27.8536	27.0163	26.5876
26.5876	26.4876	26.4731
26.4731	25.6358	24.7985	23.9611	23.1238	22.6951
22.6951	22.3516
22.3516	21.3621	20.3725	19.3829	18.3933	17.8867
17.8867	17.1998
17.1998	16.1425	15.0853	14.3376
14.3376	14.2376	14.2231
14.2231	12.6203
12.6203	12.5203	12.4203	12.3203	12.2203	12.1624
